18078
547954
163421
728885
194230
142944
727483
676160
596895
953236
472784
884919
213524
340982
128570
349557
152389
944546
349595
891952
507852
867106
626761
525377
882932
981087
57546
509209
589227
588563
318519
804386
677635
385394
53575
779183
195863
712296
52066
987968
854260
60609
517471
154957
764041
142922
259022
336809
91996
983545
797367
394971
351892
329097
266280
969487
840102
679594
154550
211301
707886
988331
659172
617481
430424
427793
999689
886615
309906
724655
70570
413866
821104
946604
456059
13324
982791
694857
809039
405598
695336
406969
478986
865410
111586
861896
437359
594008
398091
105546
108265
448220
394403
77447
931919
741339
719668
666986
463912
529650
977951
660785
984945
189525
639527
199914
910236
148555
325189
458052
947716
848401
353686
565814
317394
886280
567276
954140
845452
751612
884881
594208
938482
82645
395809
418235
97785
843998
954851
818232
911798
388372
513654
28268
524988
581974
291072
198472
767153
826029
408152
821344
848568
734065
348937
262072
228743
294109
585884
302664
896555
560187
815962
163204
481854
495109
881906
82356
82358
626192
408301
205309
340263
21508
957703
868342
336899
586358
51935
1085
113922
559820
45408
238835
605962
940635
678887
496083
14838
248925
457642
25565
157556
933135
999868
791668
910314
359136
983774
472471
550229
974314
888200
463988
124814
769106
494932
267581
924873
768603
865363
216470
218239
311174
377756
912111
190553
300424
147762
238112
181246
587571
150916
662035
663486
736626
315
293968
385433
573972
9044
14664
324934
401857
597057
152945
330049
846400
352637
489933
254876
802609
967799
179622
259842
333855
373059
319506
7266
460751
280657
170282
543357
489007
951275
544129
414700
497556
614427
411454
127704
894491
148963
779343
801593
223733
293234
970390
298207
587222
725026
212340
408696
897016
536205
202072
847060
748740
158788
510397
86867
928869
979175
775028
56226
845560
383297
413590
959200
884190
407940
724921
1471
341859
310912
393369
776212
501709
165900
885486
235308
501592
784471
724110
165246
376304
522598
415691
615126
144823
140172
107187
288739
196924
535604
575102
544456
95434
219161
937120
278004
624284
191673
365218
476468
987252
379976
181541
203601
397327
264594
666423
159984
678010
803699
533756
6562
833954
20970
987996
403248
85204
576905
877790
55920
576547
968691
915678
251564
137731
106907
920663
395796
582185
949450
390120
449466
685099
282808
756130
678112
224619
988275
269737
446287
168219
251234
352819
506344
879979
23381
567068
810035
144960
843352
327102
853276
543694
231774
137411
385518
506178
822030
50362
232627
613964
251698
772157
876872
380938
65247
241762
657745
781645
697346
61835
570462
68178
107607
308933
708296
171157
137326
695650
629795
381704
634601
844918
485444
651140
815934
142989
109944
756635
552280
973551
644616
266892
71004
814475
492974
824017
84635
750371
645711
513229
944464
637794
903350
312012
207047
472001
759805
509181
227341
990050
753463
359988
857174
374137
634582
703357
504786
49778
827708
366704
257383
565102
558464
704395
513267
424621
794194
964970
176603
470174
501598
152882
606366
678150
670813
437111
915988
98088
419860
267145
608909
761530
915057
343781
209512
580604
387804
244206
405077
267018
955952
220558
316816
612965
245457
704059
291912
79859
818090
855498
179743
435008
92308
29709
826101
875488
929218
775557
801114
439721
934143
829456
468943
98857
142567
660590
242613
228752
637225
690220
717018
928239
583709
189455
994118
607115
993289
318591
474881
46261
689902
208991
475943
696873
448327
67951
30578
433431
401564
772024
897174
425717
906809
242953
570969
971343
593024
214279
131056
738433
241031
810399
652063
590352
28156
827872
497441
289882
844850
901401
889379
401044
907056
836648
717716
725257
640174
338722
981590
106991
38027
440655
496432
431046
756070
813256
726598
924515
483631
120710
795095
191365
742495
122052
682587
743227
666680
963734
695721
905826
637027
45205
217409
276621
190001
852363
776027
562662
91279
35619
894148
710371
208812
647797
188401
539951
37550
81376
141604
229256
252620
906366
342003
514984
63958
648782
201858
393109
936091
157373
631984
661129
510523
945451
109155
63307
173567
941954
676587
394067
519091
12326
155592
752032
987541
521229
73744
422211
129525
356370
89833
465683
921417
600564
939369
535014
186809
744014
654598
902194
962502
82851
306027
376357
537708
939276
332479
816925
898841
387734
799417
870052
172529
997764
335129
139439
219083
415906
736979
553349
346367
881354
584972
900489
575428
710612
487281
212012
556821
190047
139569
385068
839176
647782
364168
992199
826974
245917
546666
711945
179268
681752
284462
937902
819201
821517
378741
456833
447636
244831
877687
360106
331490
322737
618395
926619
70621
470193
750865
769364
409466
784387
816370
684242
258890
187487
4988
879163
617952
204981
473739
614866
281621
848914
508583
99236
984834
81193
129580
958314
539398
75129
172886
607295
691939
285491
552249
5725
15896
699574
741617
534287
584591
111962
475386
980712
391575
434391
137802
691428
186643
511434
891129
147949
306334
692201
105057
755825
982361
861558
127744
135307
878818
101944
300453
262476
46381
488564
284468
581087
400764
384030
161042
744315
293644
807326
647224
690300
695662
271953
166839
620568
267055
573724
166334
782313
177058
271882
673703
160976
82440
972528
832423
641144
4211
715942
358683
983133
273785
333144
248111
420219
70446
889260
357007
151728
608651
59044
172459
656304
692284
293829
766054
498457
744737
846242
192069
94729
782903
240393
763726
893205
417172
136995
257490
34543
980467
86328
464644
611867
559869
717800
833069
838386
483013
107236
151072
176918
795596
687107
114314
861079
172489
367871
474406
555855
488209
967987
925767
66003
404546
388756
900487
823683
436753
266855
664520
586412
25387
11113
851465
205855
152963
499781
622382
539927
600869
618550
210660
778141
512858
847264
599471
540440
74472
811101
13258
827022
297396
769576
977504
153813
259342
334609
965592
37858
543276
476231
878663
199630
470116
671544
692986
566370
752578
651808
461583
74495
370912
514827
214033
648086
626973
298131
748819
609005
220251
667718
265880
256812
220464
100433
373897
729181
132379
163796
235114
466550
436650
727584
152189
76704
992877
921255
819885
782202
710499
686974
208551
319497
682558
798280
482808
28973
342315
404471
141389
997528
50293
96604
271966
836268
291236
430222
851472
228923
37556
179630
976356
774587
108946
321243
371034
953635
310713
78654
5394
819413
22707
212197
191430
486192
270771
638953
696993
957655
732305
966042
722597
984953
252332
516448
433390
352001
779499
297890
27177
459247
100861
456669
69846
234426
32675
27277
430880
906713
641136
327858
738077
882961
970661
108831
5892
586639
93793
466436
933425
826030
663620
849407
607192
719709
187197
184336
314033
66044
791649
231645
627441
755845
197708
582868
208079
786392
937631
79727
209903
104927
833127
364571
944739
963761
52054
127775
